0.77 0.818 0.818 0.818 0.818
0.819 0.819 0.82 0.821 0.822
0.822 0.824 0.824 0.824 0.824
0.825 0.826 0.826 0.826 0.826
0.826 0.827 0.827 0.827 0.828
0.829 0.829 0.83 0.83 0.83
0.83 0.831 0.831 0.831 0.831
0.831 0.832 0.832 0.832 0.833
0.833 0.833 0.8334 0.834 0.834
0.834 0.834 0.8348 0.835 0.836
0.836 0.836 0.837 0.837 0.837
0.838 0.839 0.84 0.84 0.84
0.84 0.841 0.841 0.841 0.842
0.842 0.842 0.844 0.845 0.845
0.847 0.847 0.848 0.848 0.849
0.85 0.85 0.851 0.851 0.852
0.852 0.857 0.858 0.861 0.862
0.88
