0.383 0.393 0.393 0.396 0.397
0.398 0.398 0.399 0.399 0.399
0.4 0.402 0.402 0.402 0.404
0.405 0.405 0.408 0.408 0.41
0.41 0.41 0.41 0.411 0.413
0.414 0.414 0.414 0.415 0.415
0.415 0.415 0.416 0.416 0.417
0.41719 0.418 0.418 0.418 0.4185
0.4188 0.419 0.419 0.4195 0.42
0.42 0.42 0.421 0.421 0.421
0.422 0.422 0.422 0.423 0.423
0.423 0.424 0.424 0.425 0.425
0.425 0.425 0.426 0.426 0.426
0.426 0.427 0.427 0.427 0.428
0.428 0.428 0.428 0.429 0.43
0.431 0.431 0.431 0.433 0.433
0.433 0.433 0.435 0.436 0.436
0.437 0.438 0.439 0.442 0.443
0.444 0.446 0.464
