0.137 0.1388889 0.143 0.145 0.146
0.149 0.15 0.151 0.151 0.152
0.153 0.153 0.153 0.154 0.154
0.155 0.156 0.156 0.157 0.159
0.159 0.159 0.159 0.159 0.16
0.16 0.16 0.161 0.161 0.161
0.161 0.161 0.161 0.162 0.162
0.1624 0.163 0.163 0.163 0.1639
0.164 0.164 0.164 0.164 0.164
0.1641 0.165 0.166 0.166 0.166
0.166 0.166 0.166 0.167 0.167
0.167 0.167 0.167 0.167 0.16754
0.168 0.168 0.168 0.169 0.169
0.169 0.17 0.17 0.17 0.17
0.17 0.171 0.171 0.172 0.173
0.174 0.174 0.175 0.176 0.176
0.176 0.178 0.178 0.178 0.178
0.179 0.18 0.18 0.18 0.18
0.182 0.182 0.183 0.184 0.191
0.192
